# GIMP colorrc
# 
# This file holds a list of recently used colors.

(color-history
    (color-rgba 0.019607843137254902 0.019607843137254902 0.019607843137254902 4.6813882140029325e-310)
    (color-rgba 0.54117647058823526 0.6705882352941176 0.67450980392156867 1)
    (color-rgba 0.67450980392156867 0.54117647058823526 0.67450980392156867 1)
    (color-rgba 0.5607843137254902 0.54117647058823526 0.67450980392156867 1)
    (color-rgba 0.67450980392156867 0.66274509803921566 0.54117647058823526 1)
    (color-rgba 0.54117647058823526 0.67450980392156867 0.54509803921568623 1)
    (color-rgba 0.67450980392156867 0.54117647058823526 0.5490196078431373 1)
    (color-rgba 0.019607843137254902 0.019607843137254902 0.019607843137254902 1)
    (color-rgba 0.94117647058823528 0.94117647058823528 0.94117647058823528 1)
    (color-rgba 1 1 1 1)
    (color-rgba 0 0 0 1)
    (color-rgba 0.83529411764705885 0.42745098039215684 0.59999999999999998 1)
    (color-rgba 0.17254901960784313 0.17254901960784313 0.17254901960784313 1)
    (color-rgba 0.99607843160629272 0.9843137264251709 0.91764706373214722 1)
    (color-rgba 0.090606994926929474 0.090606994926929474 0.090606994926929474 1)
    (color-rgba 0.88323861360549927 0.88323861360549927 0.88323861360549927 1)
    (color-rgba 0.95686274509803926 0.8784313725490196 0.83529411764705885 1)
    (color-rgba 0.92156862745098034 0.84705882352941175 0.82352941176470584 1)
    (color-rgba 0.42745098039215684 0.59999999999999998 0.83529411764705885 1)
    (color-rgba 0.59999999999999998 0.42745098039215684 0.83529411764705885 1)
    (color-rgba 0.83529411764705885 0.83529411764705885 0.42745098039215684 1)
    (color-rgba 0.59999999999999998 0.83529411764705885 0.42745098039215684 1)
    (color-rgba 0.015686274509803921 0.023529411764705882 0.062745098039215685 1)
    (color-rgba 0.070588235294117646 0.082352941176470587 0.12549019607843137 1)
    (color-rgba 0.70980392156862748 0.42352941176470588 0.34509803921568627 1)
    (color-rgba 0.7803921568627451 0.56470588235294117 0.50588235294117645 1)
    (color-rgba 0.34509803921568627 0.36862745098039218 0.45490196078431372 1)
    (color-rgba 0.61176470588235299 0.89803921568627454 0.75294117647058822 1)
    (color-rgba 0.16078431372549021 0.16862745098039217 0.20392156862745098 1)
    (color-rgba 0.75294117647058822 0.75294117647058822 0.75294117647058822 1)
    (color-rgba 0.18823529411764706 0.20000000000000001 0.23921568627450981 1)
    (color-rgba 0.80000000000000004 0.67450980392156867 0.92941176470588238 1)
    (color-rgba 0.8784313725490196 0.8901960784313725 0.93333333333333335 1)
    (color-rgba 0.83529411764705885 0.59999999999999998 0.42745098039215684 1)
    (color-rgba 0.81568627450980391 0.83921568627450982 0.95294117647058818 1)
    (color-rgba 0 0 0.73333333333333328 1)
    (color-rgba 0 1 0 1)
    (color-rgba 0.59999999999999998 0.59999999999999998 0.59999999999999998 1)
    (color-rgba 0.66666666666666663 0.66666666666666663 0.66666666666666663 1)
    (color-rgba 0.52156862745098043 0.67843137254901964 0.83137254901960789 1)
    (color-rgba 0.37254901960784315 0.52549019607843139 0.37254901960784315 1)
    (color-rgba 0.22745098039215686 0.22745098039215686 0.22745098039215686 1)
    (color-rgba 0.52156862745098043 0.59999999999999998 0 1)
    (color-rgba 0.14901960784313725 0.54509803921568623 0.82352941176470584 1)
    (color-rgba 0 0.16862745098039217 0.21176470588235294 1)
    (color-rgba 0.34509803921568627 0.43137254901960786 0.45882352941176469 1)
    (color-rgba 0.63921568627450975 0.74509803921568629 0.5490196078431373 1)
    (color-rgba 0.50588235294117645 0.63137254901960782 0.75686274509803919 1)
    (color-rgba 0.23137254901960785 0.25882352941176473 0.32156862745098042 1)
    (color-rgba 0.40000000000000002 0.85098039215686272 0.93725490196078431 1)
    (color-rgba 0.65098039215686276 0.88627450980392153 0.1803921568627451 1)
    (color-rgba 0.15294117647058825 0.15686274509803921 0.13333333333333333 1)
    (color-rgba 0.31372549019607843 0.98039215686274506 0.4823529411764706 1)
    (color-rgba 0.3843137254901961 0.44705882352941179 0.64313725490196083 1)
    (color-rgba 0.15686274509803921 0.16470588235294117 0.21176470588235294 1)
    (color-rgba 0.27058823529411763 0.52156862745098043 0.53333333333333333 1)
    (color-rgba 0.59607843137254901 0.59215686274509804 0.10196078431372549 1)
    (color-rgba 0.15686274509803921 0.15686274509803921 0.15686274509803921 1)
    (color-rgba 0.2627450980392157 0.29803921568627451 0.36862745098039218 1)
    (color-rgba 0.64313725490196083 0.72549019607843135 0.94117647058823528 1)
    (color-rgba 0.49803921568627452 0.83529411764705885 0.5725490196078431 1)
    (color-rgba 0.17254901960784313 0.18823529411764706 0.23137254901960785 1)
    (color-rgba 0.55686274509803924 0.81960784313725488 0.36862745098039218 1)
    (color-rgba 0.36862745098039218 0.55686274509803924 0.81960784313725488 1)
    (color-rgba 0.73333333333333328 0.75686274509803919 0.85098039215686272 1)
    (color-rgba 0.12941176470588237 0.18823529411764706 0.30980392156862746 1)
    (color-rgba 0.047058823529411764 0.098039215686274508 0.082352941176470587 1)
    (color-rgba 0.30588235294117649 0.30588235294117649 0.30588235294117649 1))

# end of colorrc
